SM:2024-08-24T18:15:20.7342859Z
LM:2024-08-24T18:27:54.6313449Z
CT:image/webp
MA:604800
CL:11574
