SM:2024-08-24T18:16:11.5640555Z
LM:2024-08-24T18:27:54.5560433Z
CT:image/webp
MA:604800
CL:10388
