SM:2024-08-24T18:16:11.5640555Z
LM:2024-08-24T18:16:12.7029598Z
CT:image/webp
MA:604800
CL:10444
